file1 = 'img1.png';
file2 = 'img2.png';

p1 = [...
  160.785 51.8307;...
  173.515 54.4381;...
  402.732 53.9212;...
  141.98 54.5538;...
  185.08 67.3722;...
  202.496 66.9247;...
  170.427 68.4427;...
  162.956 68.631;...
  138.974 70.4074;...
  383.109 70.1465;...
  128.196 70.546;...
  208.83 72.4583;...
  435.197 71.8845;...
  397.943 74.8113;...
  459.392 77.541;...
  409.55 79.0573;...
  434.814 89.1726;...
  464.982 88.913];

p2 = [...
  185.309 52.6425;...
  198.651 57.2814;...
  428.262 56.3963;...
  166.504 56.0316;...
  211.003 68.4682;...
  227.341 68.8555;...
  195.15 70.2851;...
  186.763 71.2613;...
  162.814 72.2219;...
  408.401 72.2145;...
  151.994 73.186;...
  233.684 73.4823;...
  460.126 74.3895;...
  422.475 77.9113;...
  484.187 80.9843;...
  434.953 81.1113;...
  460.776 92.0266;...
  489.305 91.3808];

